 VWVA 556           9        6409         406       29401
 VWVA 556           9        6409         376       29415
 VWVA 556           9        6409         389       29435
 VWVA 556           9        6409         399       29399
 VWVA 556           9        6409         377       29403
 VWVA 556           9        6409         482       26432
 VWVA 556           9        6409         480       26428
 VWVA 556           9        6409         488       26433
 VWVA 556           9        6409         336       26512
 VWVA 556           9        6409         516       26405
 VWVA 556           9        6409         496       26404
 VWVA 556           9        6409         479       26414
 VWVA 556           9        6409         500       26411
 VWVA 556           9        6409         507       26410
 VWVA 556           9        6409         522       26392
 VWVA 556           9        6409         346       26509
